20.47387314 46.15235138
20.50323868 46.1902771
20.64085197 46.12707138
20.76344872 46.20478058
20.77718735 46.27624512
21.06760406 46.24308777
21.11713409 46.30196381
21.18214417 46.30443954
21.20789337 46.40356064
21.29788017 46.40702057
21.319067 46.45098495
21.26199341 46.50227356
21.3157177 46.61788177
21.41163826 46.62222672
21.45661354 46.66148376
21.43154335 46.69407272
21.5309391 46.72106171
21.485075 46.76495743
21.5220108 46.83774567
21.60360909 46.86696625
21.6002636 46.92776108
21.68190575 46.96310425
21.6502285 47.04053497
21.79405212 47.10668564
21.94013786 47.37331772
22.02423096 47.39046097
22.0256958 47.52017212
22.17801857 47.5946846
22.3188858 47.76622009
22.43175507 47.74126434
22.48316193 47.81123734
22.55116653 47.77295303
22.6818676 47.78803253
22.71443939 47.83586121
22.77843094 47.84366608
22.75983047 47.89374161
22.9045105 47.9573822
22.84605217 47.9884491
22.88162994 48.05394745
22.82595825 48.11979294
22.59024811 48.10842133
22.57584953 48.19921494
22.49895859 48.25346756
22.35572243 48.25251007
22.31760216 48.36319351
22.24391937 48.38780975
22.26685524 48.41714478
21.77338219 48.3408432
21.67609215 48.39353943
21.61457443 48.51291656
21.54768753 48.51150131
21.44142532 48.58534622
21.12641907 48.49274445
20.84029579 48.58637619
20.54685593 48.54588699
20.32652855 48.27833557
20.13934708 48.25961685
20.07817841 48.18179321
19.92692375 48.1296463
19.85373306 48.17761993
19.78924179 48.15803909
19.80083275 48.19418716
19.63708687 48.25269699
19.52780914 48.20643234
19.46862984 48.08790207
18.84805298 48.05245972
18.75331306 47.9756813
18.76332855 47.87330246
18.85566139 47.82807159
18.74225807 47.81550217
18.66295242 47.76134491
17.78073883 47.74173737
17.56695747 47.8165741
17.33451462 47.99785995
17.17265129 48.01260376
17.09427261 47.97224426
17.08389091 47.87834549
17.02031898 47.86931992
17.0737133 47.81190491
17.08592606 47.71160507
16.88408661 47.68854141
16.86716461 47.72135544
16.74806786 47.68404007
16.72274017 47.73759079
16.61035919 47.76296234
16.44935036 47.6961937
16.42072678 47.66490555
16.65369415 47.62441254
16.71523094 47.53989029
16.57545662 47.40784073
16.44861794 47.41074753
16.4905529 47.28408051
16.41879272 47.19782257
16.4644413 47.17621994
16.45289421 47.14528656
16.53100204 47.12797546
16.46347427 47.09950256
16.52107239 47.05803299
16.44146347 47.03362274
16.51405144 47.00550461
16.28018761 46.99727631
16.11104965 46.87223816
16.33727837 46.84919357
16.31888771 46.75640106
16.4233036 46.69342422
16.38368225 46.64467239
16.51261902 46.56295395
16.52516747 46.50518799
16.6624527 46.46006775
16.71952438 46.39199448
16.83664131 46.37594986
16.97258568 46.22450256
17.15647125 46.17349625
17.17484665 46.11398697
17.2285614 46.10039139
17.19897842 46.08195114
17.29383087 46.03228378
17.2613678 46.01169968
17.34437561 45.98518753
17.33436584 45.9498291
17.56015968 45.93809509
17.66637421 45.84251785
17.85847282 45.77406693
17.98880005 45.80190277
18.44206619 45.75265503
18.5746479 45.80221558
18.65883636 45.90137482
18.79213524 45.88074875
18.89915276 45.93778229
18.98635674 45.93608475
19.0710125 45.97120285
19.10985374 46.03833771
19.14869881 45.99799347
19.29641151 46.00136185
19.41189194 46.04783249
19.56368828 46.18078232
19.6967907 46.18836975
19.81641769 46.13032913
19.93442535 46.17729187
20.04237366 46.14699554
20.10246277 46.18030167
20.2542305 46.11901474
20.35723305 46.16994858
20.47387314 46.15235138